-0.394862423686219 0.272338313363536 0.168871341325015 0.075101302077042 0.152396215395684 -0.523658731425685 -0.0934754215481304 -0.498643538405164 0.274134443107746 0.325241409956156
-0.343344786967848 -0.519654729610789 0.11293631831666 -0.208105094729948 -0.0905798465337708 0.154951528883621 0.432595479641127 -0.184510160506991 -0.342937909891411 0.430124439586107
-0.630108503985345 0.146204334901847 0.0660762518083517 0.0511283257522484 -0.263904297146138 0.0709369998773172 -0.394335204084338 0.0397346610515317 -0.464362126830145 -0.356677125152239
0.293317501327356 0.0601926446796653 -0.0270018340262178 -0.401115454888803 0.392892777439009 -0.34669149042417 -0.296995484566862 0.0690435999207621 -0.588528664712011 0.186600996575625
-0.0103724694662919 -0.0581490260160512 0.722928094187257 -0.266937121118563 -0.109156691696087 0.123086611192066 -0.317930655979632 0.381015595830123 0.271991056569883 0.23523016032402
0.359968215854965 0.058592405767675 0.46010710986269 -0.200073977416657 -0.251957965988412 -0.0097782072305604 0.153275328418783 -0.575030797175344 -0.140312544191923 -0.421713031045713
-0.251114222058108 -0.345953523578307 -0.180698454960925 -0.554301188087901 0.372017499174618 0.0544799313353997 -0.130487986032218 -0.126300766141798 0.361103891351905 -0.415470777884915
-0.136495587457029 0.516557717675748 0.187155198667573 -0.0245491860140032 0.548529933993351 0.547782498750424 0.258411188012192 -0.0457747503784599 -0.0935718801559997 0.0181446121511087
0.178075986378318 -0.177285815821981 -0.141875103703653 0.174417016138945 0.013095628464944 0.488356859995629 -0.592450163051819 -0.464486411950032 0.0138717205860664 0.284090965371915
-0.00640162906916022 0.453907024787311 -0.362631439638712 -0.581365256865324 -0.479279530846273 0.140614474583504 0.0322962060442479 -0.036559815990221 0.110611194688199 0.245651192707064
