-0.29913821852018 -0.232860105830344 0.250266853765239 -0.184458158805072 -0.521814565175108 0.1126831557846 0.0080379455686104 -0.211646410672036 -0.54576499765017 -0.363218953916329
0.168996412248118 -0.495388339896602 0.514687808176018 -0.0944253698530604 -0.28383604150047 -0.4016585842853 -0.00887912714163677 0.0901543727186613 0.375108601641668 0.247800898617103
0.117792422298456 -0.379037734451263 -0.601681348994027 -0.121567360838656 -0.160270152848797 -0.035476049233908 -0.426528851620872 -0.479054724082833 0.100474281476211 0.131132867847402
0.0807091973146257 0.3781752510285 0.255611170147404 -0.61220908809409 -0.0318938812337256 0.258730206201495 -0.458197684888235 -0.025501635364255 0.319849485512419 -0.171682214111624
0.287651761757616 0.343431235589515 0.289513991976522 0.201557889929804 0.144676286870867 -0.423208668331705 -0.0299496076454327 -0.665768663569779 -0.127764386139445 -0.119841896459589
-0.0785228450110127 0.294674893716118 -0.188752767711188 -0.555398864429439 -0.127533759240676 -0.364332790275685 0.286721089871208 0.0206166190158973 -0.275061715583757 0.505578031904119
-0.550352997917879 0.364832188223097 -0.127916684962747 0.295764518791333 -0.467971662720576 -0.210003856814969 -0.0264993766064314 -0.060405681265149 0.437619506192423 -0.0347668056493971
-0.355510981969516 -0.0103022739652422 0.146099027626233 0.141714129679721 0.260215492463129 -0.276217044428335 -0.685104346272232 0.235014809983574 -0.3371844675346 0.223107003332798
0.329150298662337 0.058824805427079 -0.294133291448309 -0.0669211887192152 -0.150955648133843 -0.503614034528711 -0.103681514679922 0.43155526935362 -0.0705133735756647 -0.564650545200426
0.484811031874495 0.268762185709905 0.0379142429410961 0.32611190438755 -0.523210898684776 0.268150122313424 -0.209901338078814 0.167751327083524 -0.216509377968809 0.346711932432263
