-0.281588755411275 0.0141319313277173 0.700830667393925 0.19108645062573 -0.209676038789667 0.384373398700412 -0.126716652393642 0.421091279412126 -0.085694319852285 0.0201236789269037
-0.15073134729841 -0.303069347175531 -0.188797477960051 -0.161031089285205 -0.307202741048728 0.177857307191999 -0.0476346973321435 -0.0142925126959439 -0.102503646425326 -0.827566582623253
0.18904247771211 -0.432985602649379 -0.212253842390401 0.0694523968517284 0.018347949514713 -0.179298655301678 0.303085870832065 0.756586756691191 0.161719765798921 0.0631551841728879
0.167514984092955 0.125508667902968 -0.119532907943673 -0.552279610118061 0.236547506308588 0.709274551501648 0.237270658631917 0.0998076962924168 0.0277952873188249 0.104061466063559
0.492704982974283 -0.339855135969554 0.472631099795019 -0.462656039628619 -0.327421623118049 -0.218836914134852 0.0169838029431795 -0.199788356276239 -0.00646436128848875 0.0947068091690115
-0.380597148346937 0.400014016099249 0.0966811461512286 -0.35789122203828 -0.150815063822049 -0.380342835764857 0.56018155738765 0.128846857806013 -0.237144160074101 -0.0604411110658272
0.530386742570207 0.581047785528652 -0.180264478195963 0.0928331512261088 -0.41280700703856 0.00660081458979929 -0.219771439357143 0.285562919532848 -0.170548362206121 -0.102832348696185
-0.23849012830599 -0.276499619839231 -0.359813625598522 -0.0326033595309446 -0.463490821069637 0.153842401258384 -0.0815239504272436 -0.0548637498188744 -0.483899645110575 0.503820719099514
0.328872763198449 -0.109912390221457 0.131968086159728 0.42231971358093 0.217113438713167 0.130443762055971 0.469878127616557 -0.171412294784255 -0.592793780822533 -0.135153761810737
-0.0152375702591736 -0.0553016511073932 0.0418087875967196 -0.312324994476954 0.493000355325139 -0.228316827031703 -0.493652198828373 0.263889133756278 -0.533192655399574 -0.0679144093012843
